30
0.71423 8.36734 4.76169 4.37159 3.42155 1.55289 4.56125 0.84756 2.98369 7.16924 7.93847 0.54793 8.12699 4.90064 1.40225 5.23249 2.50448 1.53386 3.60364 5.26831 8.72832 8.46893 6.89813 8.26571 3.51972 2.31547 8.20533 0.39826 3.40046 6.08385
5.83335 1.25840 6.44442 6.47988 7.38858 2.98396 6.89613 5.09122 5.09473 7.43989 0.39572 6.69731 5.12802 7.91274 2.37988 7.57986 1.62961 2.83734 4.10631 4.06446 4.73564 5.24320 6.51912 2.56482 0.26863 8.71395 6.83761 8.89720 2.47264 0.03750
7.25738 1.78355 3.77117 1.62637 8.76115 0.99259 7.59821 3.01002 8.86762 5.18086 5.55276 5.67321 5.00606 3.32419 8.72259 2.50817 0.26155 2.93258 3.01372 4.40870 8.26270 2.59148 1.23756 0.88715 0.61415 0.19417 5.04590 6.14685 2.48435 2.93103
8.88423 5.61175 3.08821 1.13167 3.14969 7.34730 4.37680 3.64011 1.44279 5.23507 1.38524 8.57972 2.36340 1.71560 4.81283 8.67025 2.16411 0.15722 8.37271 3.14535 2.29458 3.18426 5.69512 1.00489 8.57983 5.83604 0.55029 5.30953 0.79019 1.25053
2.47550 2.80562 2.46425 7.66679 6.71347 0.71530 5.19498 8.25593 4.03745 3.36441 8.38309 4.59778 6.18115 8.22306 5.82602 2.66861 6.84679 2.23034 5.97772 5.50744 5.62669 5.99290 4.26016 5.64023 3.81130 8.77670 4.90048 0.56725 3.04063 3.69383
7.26526 7.56902 7.26022 2.19322 1.73538 5.72366 7.04143 8.05702 1.59237 8.23768 8.37609 8.39794 2.80437 4.81786 5.91435 5.66107 2.34060 3.60887 4.67888 5.09113 6.44225 2.65822 4.02195 4.56729 3.42408 2.63683 2.02449 7.86969 7.41966 2.40650
2.15563 5.34691 1.65109 4.64022 0.50271 5.77222 5.18246 2.13028 6.78237 2.14711 7.14745 0.74011 6.92811 1.63689 2.07841 3.35962 6.35823 2.74424 8.56338 5.85919 5.48677 8.48387 8.21489 2.58491 6.44307 0.54436 4.97033 4.39333 4.93254 5.67945
4.27512 2.71171 2.74559 6.44490 7.76695 4.37533 5.62334 8.96905 1.46604 6.81936 6.11917 0.55746 6.82796 0.16025 2.40760 2.77571 6.06501 8.95325 5.98028 3.97084 8.70412 0.00681 7.01282 7.18888 3.72406 4.21981 1.49575 4.57074 0.05528 3.10861
7.60912 6.30673 1.36841 1.36687 8.19974 6.11758 5.82636 6.16095 4.90003 0.29287 2.77456 7.56930 6.98562 7.63956 6.30452 6.98476 1.17482 7.16655 3.13617 0.81620 1.16860 7.73465 3.54586 1.58306 2.84499 1.94806 4.61892 5.84158 4.35888 1.07736
6.15426 4.30308 6.13823 8.43432 0.91153 7.10239 4.83556 3.25653 8.73587 5.23528 3.74904 4.28366 1.49639 4.34996 8.64399 3.27667 3.93938 5.82124 2.46121 8.84656 0.54318 4.65230 3.19761 7.82621 4.72405 4.35254 2.65617 3.29607 3.76435 8.97196
0.61367 6.60323 2.42769 8.86052 7.50461 0.52287 4.87785 3.89957 5.01042 8.74761 3.51614 5.93822 8.18810 5.32145 3.57480 5.26865 6.42449 4.23070 3.58331 6.12861 6.58999 3.09638 0.97460 7.74492 5.25715 6.15485 2.88540 3.58774 0.38641 7.53616
6.28746 6.28256 5.98352 4.71259 3.36579 0.52898 6.72676 8.69108 1.41648 3.87206 6.64094 5.53235 7.06467 0.74220 7.39869 1.03675 8.63034 2.11660 2.11535 0.35497 2.16413 8.01527 7.04996 2.46637 3.50654 0.17482 6.39339 5.59294 4.68650 5.11586
0.01652 6.91739 8.51880 6.81785 4.57574 5.12962 3.69787 2.24891 7.79937 2.17405 1.50082 0.75954 3.64181 1.68138 2.77351 5.92331 8.28427 2.73554 5.94840 4.72654 1.70292 3.23699 6.83010 3.69431 4.28114 7.98572 4.56729 1.21649 1.79027 4.72664
7.75754 3.85338 4.54298 8.52970 1.51314 0.36514 0.70443 3.73772 0.12426 8.91712 2.47951 1.25842 3.31170 4.26363 1.45321 5.13808 1.84992 1.96371 0.32140 4.23917 6.96929 6.81808 3.85144 8.21425 1.19030 4.34889 7.54047 2.86288 6.73264 6.96946
5.34219 1.06934 5.88639 6.56713 8.07714 4.31694 1.26249 7.43332 5.17739 3.01371 5.57114 3.52334 2.21415 1.56252 7.12455 6.06907 8.15970 3.24587 2.54587 1.60527 5.91245 7.24876 1.50881 3.91907 7.49760 2.44288 5.38649 3.59941 4.31569 6.04350
3.13489 5.34592 1.73824 8.55340 8.03929 6.14597 7.86739 3.48993 7.03140 1.30431 4.62235 0.48100 7.62200 8.30017 4.87031 8.36321 8.60856 5.46404 4.05040 8.21562 4.44133 2.17651 2.22821 6.60513 8.17531 1.49050 6.38416 2.90210 0.00074 7.93356
1.55221 4.35384 3.50229 7.95627 0.29964 2.35746 3.74846 8.79809 7.20146 2.08843 3.16627 7.16652 3.42231 8.08065 0.84119 4.20552 1.89845 4.78469 1.49471 1.85195 2.84242 6.59857 7.15231 8.38852 6.49297 6.12980 2.86737 3.15629 0.90930 3.10053
3.58212 3.78839 8.72237 3.04623 0.11949 7.89416 4.17629 6.25053 8.99728 0.57502 8.64678 1.03235 5.92371 6.38321 6.91866 1.82751 4.24327 1.36887 0.29957 6.01682 0.68357 7.59212 1.86247 5.29356 1.62453 5.82417 8.97018 4.68829 4.28487 4.45119
4.56268 6.00607 0.83482 1.95249 1.79614 7.98196 0.25524 0.43333 7.23493 3.58480 8.46054 7.07712 1.92221 5.18579 6.38689 5.74916 5.47713 5.99803 1.69281 8.48939 7.18896 4.89798 1.61616 7.98396 1.91821 5.10202 0.17448 5.39719 7.41318 5.97405
4.90447 4.76377 5.06265 0.54260 1.74732 5.09446 4.38380 4.30499 5.20992 1.11532 6.51860 2.25074 8.44439 1.06113 1.23967 7.43307 0.24304 4.00509 6.90850 7.19498 6.64449 5.59914 7.77817 6.77737 2.22704 3.56953 1.05599 3.76614 2.50516 4.36041
2.01939 0.65645 1.56348 6.35046 0.99648 6.77090 4.83060 1.87434 4.56171 3.61403 5.10807 7.62812 2.13685 0.02264 2.91205 0.50986 1.55510 6.86781 5.74232 6.08822 4.91780 8.57495 8.80511 1.10463 4.25053 0.04204 7.23859 0.21773 3.73931 3.74585
2.71501 2.75854 7.00883 6.46686 8.61707 8.01705 7.21879 6.02722 2.47554 2.27911 2.72436 7.87912 1.23404 6.14574 6.22656 5.03591 3.02587 8.98333 5.73013 0.81218 8.13044 0.83937 2.09588 0.47556 8.56705 6.46364 4.09838 8.62678 4.49553 1.73364
0.02840 7.34679 2.76984 1.27264 2.92053 0.80906 8.65574 1.75173 8.79968 0.62397 2.30717 7.12992 0.43877 6.21867 5.24758 0.25612 0.66917 3.54884 1.62225 0.65622 5.22841 7.84877 5.02771 6.52722 7.97480 4.73407 1.41128 6.30799 0.05469 5.35392
6.18022 3.31825 8.04220 8.11801 8.54507 5.18905 4.15595 1.36192 3.02583 0.13781 1.57043 7.79205 6.31208 4.64576 3.79861 7.64736 5.23712 6.32302 4.06340 1.38331 5.47144 1.07217 0.89977 1.05582 2.99288 1.33817 7.52513 3.46788 4.13987 3.38944
8.33444 2.31113 8.45983 4.49545 2.73939 5.46018 2.86802 8.19144 2.61453 2.90344 7.50093 3.90955 6.36384 0.53226 4.44161 0.87986 6.41052 0.94781 2.62333 2.67093 7.02200 3.01583 4.55854 6.05615 7.07524 0.87053 2.82558 0.30999 0.88637 6.14223
4.84278 7.53566 7.01688 0.53212 2.73263 8.61031 6.17271 7.49527 7.39515 0.74129 1.64233 2.58498 1.42257 0.05568 2.16012 2.95952 2.25722 2.39057 6.52045 7.28840 3.15235 5.16206 7.80709 4.75661 4.75578 7.02768 5.07818 8.94397 4.19288 1.43476
1.46098 4.05143 8.31494 0.06882 4.29735 7.03344 3.58517 1.48156 5.19989 3.93713 6.04343 6.30574 1.73983 6.97180 5.83441 1.77772 2.98662 3.46307 8.35650 3.65603 6.52302 8.06601 8.81236 6.84525 4.08256 7.07068 7.72482 0.33799 5.37502 2.93325
6.50703 5.26049 2.60454 1.99620 3.15949 5.37341 7.93723 7.48112 4.19869 1.89719 7.44566 7.35029 7.47343 8.14881 7.13919 8.50105 7.22787 0.50768 2.41187 3.34646 2.87816 1.42833 2.45936 1.83846 2.19742 6.50622 6.41963 7.47282 4.96167 5.68824
5.77411 6.50264 2.23483 5.01847 1.07355 6.33179 6.87667 4.61775 7.61627 6.73178 5.69049 3.87622 4.91799 5.89921 4.51182 1.72482 0.75385 5.47668 0.25640 4.20270 8.98653 0.24518 5.45268 4.44972 0.89181 4.56722 4.33279 5.04805 8.48639 8.38388
1.20924 1.91721 8.13070 6.19760 5.19814 4.96530 6.41548 8.92198 6.67527 2.76099 8.05809 2.48272 3.92598 6.40198 0.50068 5.59228 8.07536 3.59714 8.01628 7.50545 5.81017 8.90271 8.54208 0.66774 6.67028 2.68699 5.34763 2.47549 5.38781 7.98240
