9
3.21275 3.85767 6.55723 8.74219 1.83728 2.46807 1.94159 4.53233 1.57299
5.94212 5.01703 1.76244 1.37281 1.86776 7.91629 8.47681 4.16763 0.10468
8.52972 0.88192 8.05572 6.77671 1.02234 7.41325 3.67678 1.82233 4.79356
4.21505 6.25397 5.57232 8.65891 2.40344 6.01827 1.20351 6.92347 3.75616
6.05816 6.29486 7.87982 0.64470 7.76075 7.04877 6.84166 2.08485 2.42669
0.63553 4.29299 5.54313 6.97616 3.25904 5.39756 7.43707 5.16290 8.11730
5.89397 1.39395 2.44412 1.38950 5.68618 6.22161 6.35636 1.15997 0.44820
8.23715 5.73197 8.82165 3.15300 4.79255 1.64937 1.68379 5.46992 7.80954
4.50723 4.62099 2.05313 0.72623 6.49606 8.02496 1.87212 5.71497 8.16983
