6572	7471	144	618	1934
4504	5975	1258	105	5425
6017	5618	1504	3020	631
1514	2703	9391	6374	6349
8110	2096	2083	1004	9987
4690	6039	8117	6463	5605
3965	3651	2334	2036	1364
4021	1826	8485	51	7308
6172	6596	1196	3103	487
6877	593	5937	3720	7975
718	8798	9272	9974	3861
585	4722	6502	1951	6756
3841	1828	6560	1652	99
9532	5459	3169	7778	1815
8850	6891	3881	4940	6124
7079	8099	4286	8293	1549
7655	8361	5655	6054	5198
4150	7873	2351	6038	5277
6254	6881	7670	6188	9634
1842	1726	533	4465	4864
7045	2579	9152	3111	5700
344	6321	4860	8369	7879
2728	5891	3482	9770	3612
4128	4371	1251	8778	7643
745	3709	3699	2146	6262
1418	347	3206	1669	7848
7469	3038	9333	7929	3443
5371	2726	4234	2218	8277
2140	5539	6957	4462	4420
8951	3373	2411	9794	4323
2441	7688	5471	2812	9950
7784	6224	7977	6707	4569
3957	317	1271	5727	1115
7969	4529	2207	3313	6589
7649	4715	8374	916	523
2323	5762	8865	7541	7054
5209	5977	8603	3882	5137
6150	8370	2691	3481	5867
9500	7750	4515	6048	4487
3662	1356	3829	6030	2129
7477	7960	2262	2817	3777
2394	6693	8885	4300	2088
4537	5522	3157	8569	5390
5239	4719	8623	5661	2535
635	3774	5244	1718	3727
9971	3314	5420	405	948
1827	5017	174	2500	9049
714	1384	6353	1048	3455
201	2216	9010	9289	9077
918	9969	540	6302	9412
287	9665	9144	4651	8328
7737	4235	6996	9617	4638
4232	4123	5850	9431	3309
561	8706	1961	1036	6545
2474	7333	4733	416	539
336	760	100	7910	3519
1585	4063	1431	1039	4122
3015	2971	5945	1277	5077
5186	6836	4412	2183	2417
8857	8890	1009	5386	1246
8437	2113	3454	1137	5688
6741	9817	4617	6286	5401
3461	2293	6459	1732	3191
780	4547	3558	9504	1422
6398	6904	6375	8380	641
7783	1163	4842	806	5796
4392	4348	3615	1597	5177
1728	9932	7102	5060	7201
7362	5552	4837	1747	4707
8264	3435	9086	9308	4670
3722	4211	377	5546	1748
7526	2755	3116	9310	5892
3012	1993	4951	3596	135
8345	616	8698	9811	9580
7291	2666	7412	4786	7571
2032	2956	5465	1941	5981
7859	2391	6333	5579	858
231	7611	7264	9999	9595
9937	1619	391	241	3836
1089	6890	7576	409	6244
9408	6739	420	2767	8196
8257	4887	193	7921	7499
8349	4317	7310	8288	2420
1082	6289	1259	7481	1918
2509	9320	4429	8702	6156
4681	9199	7557	4239	1907
4658	6387	8501	7239	6680
5622	3858	26	6229	9916
6272	7810	6513	2545	4530
9002	690	5000	6854	6853
3114	1739	1970	6488	5530
8913	8386	5232	5612	7077
5878	2858	1945	5924	2024
5495	9132	3402	3944	5758
4639	6400	6882	6752	5930
8307	6108	7365	5741	8063
2832	2639	4193	9658	1012
4238	6118	8198	9247	4139
8348	9714	4015	5001	8468
6623	5538	8151	7653	6251
7766	5069	6450	1056	9203
1361	8392	3747	94	2084
4131	2508	5921	2884	4149
1621	228	7012	5071	4355
3432	5352	2881	3541	8835
1073	4503	1018	8228	157
7636	35	9365	4945	4274
2332	6486	8502	8936	464
1155	4947	592	4863	1000
3113	9201	1187	7347	8412
1469	8445	869	2915	9484
6438	6831	110	1404	2760
3136	3951	9309	5290	4096
1450	7464	2305	7887	5480
9102	1583	8771	1560	1276
4766	6033	2164	6612	8422
7184	3055	7083	1346	8613
7377	6894	2719	6089	6613
4174	835	9716	2326	5666
6688	7145	8836	424	1278
8229	6287	8636	6008	4823
6149	3755	3073	9175	4892
917	8320	5497	3328	2182
2201	6426	2763	6155	2028
5217	7683	433	6786	9709
1053	4631	7344	1605	5289
7989	8735	6460	2475	7049
9429	6495	1119	6278	9985
6482	6585	5783	960	6755
6053	4738	1878	1801	9162
8536	6708	6681	3120	6733
3676	6696	7008	3796	9508
7949	8113	7451	2657	1374
6871	9335	2026	5275	2499
9014	9638	7763	7494	9094
9750	5572	2283	4294	9081
3775	9652	8753	4415	2135
1451	8343	8128	8921	6632
7166	1031	6368	5092	5960
5124	3568	5407	7431	774
9368	5962	9730	5704	7690
3286	4782	3573	4805	6932
7296	4263	2404	1994	3675
7605	6751	6341	3623	4996
281	6784	3683	6491	7569
9400	3956	6276	4757	128
3524	6376	5102	9143	7019
8515	3215	8552	9789	1973
8880	2318	6900	1925	9735
2592	2829	4981	5759	8043
2980	7189	6964	836	7562
7931	5828	6171	9669	3070
9519	9885	8120	6378	729
5591	8736	482	9037	8492
3404	7458	8730	8829	2452
9506	3189	8171	1880	7114
5843	2186	8855	3063	7958
3	5241	2555	2070	857
3180	7695	4272	2330	5250
1866	3208	1881	6259	3078
2558	4598	7129	676	4855
709	1183	8398	9386	1796
610	4762	5799	2869	8399
2437	7671	3305	9482	2870
3088	6318	8500	2576	3320
9370	555	9645	4511	7535
5189	9839	4168	235	1204
1653	815	4648	7681	5565
529	6474	8335	6068	2992
923	7285	7710	4000	9827
4795	5297	9363	6682	659
4655	7496	3493	9265	7547
9278	7510	5423	8559	452
2693	2818	1057	8087	8453
2428	4132	4421	1193	5284
826	5887	1593	3074	3241
9873	2619	1030	3385	5738
7654	6997	511	165	6597
1067	2403	9810	3734	1979
9054	6270	4402	6157	5776
6666	3413	9173	6530	5040
5562	8273	2975	5587	6147
223	5008	9211	1721	5912
7514	1997	8274	8754	3743
3838	6383	4817	2649	6246
9619	9138	5058	2149	8864
9826	3504	8555	9858	689
5893	5180	5694	2985	9197
6126	9456	7674	7597	3068
4045	2991	773	1010	8253
5436	5331	8114	4680	7433
3757	2246	2138	6392	3381
108	800	807	7556	8202
6683	9799	5691	2354	9243
2510	2199	5294	2886	3665
7799	2340	518	6346	9771
7422	794	1372	7465	5866
2675	8844	1659	9624	5494
1763	6517	436	1468	7313
3812	6738	7634	7679	1920
429	9392	2139	6699	5872
3516	7269	7335	8021	7110
3783	1513	588	6165	1947
5822	248	6608	4726	6159
5583	874	1227	985	3807
5181	680	8986	9418	568
315	6672	6397	1345	1013
3456	742	1041	9962	5797
2968	5082	8034	3793	5430
2225	3555	7899	1722	5794
7759	8846	3571	8982	3942
4731	6588	5021	3379	903
4606	2658	3471	562	4703
8601	2472	6809	46	7829
8912	2738	4452	8471	2733
4808	8954	4472	3370	1344
4216	8178	5272	603	7227
4016	6981	5803	3433	621
7223	4883	9767	7441	8593
4028	908	222	5770	8671
6419	8641	3243	2432	2686
4397	7011	1528	4290	7092
2103	1683	6423	8059	2245
8517	9608	1981	9441	3850
7297	7289	103	7061	6249
3701	7789	2626	1624	2379
2041	5815	8514	6804	2901
6351	8160	1020	6280	3323
150	2582	6196	2344	1730
9668	5461	1518	6976	9369
5416	1678	9539	6925	3290
7097	3922	5740	66	4962
3990	6548	6005	2978	3828
558	6443	7837	4315	8779
1143	4616	3677	1095	6634
2250	3308	7951	6600	4624
8628	3214	2846	2556	3093
463	3814	2684	8091	3647
7774	7425	2302	4390	4410
5886	9339	3539	4727	6449
1631	5413	8558	7794	3865
2132	1750	9862	4222	6711
4977	9131	2369	2934	5610
8551	7282	7613	9050	2909
688	7782	5974	2360	1100
1692	3265	8081	8009	4539
928	8395	1680	3297	6191
4309	792	4345	8862	8681
3697	2145	3295	4650	5087
373	6327	8440	1266	7519
5773	5639	4800	2117	642
9419	5190	388	2542	8104
8379	861	7906	4844	4180
8404	6049	506	2643	1243
1317	4960	4243	2165	4820
1104	386	4083	1989	9874
2456	4642	1703	824	554
1244	4032	9353	1182	2294
9754	6442	614	8073	5853
3490	4090	790	2313	8511
1948	6775	7967	9343	6028
8766	1305	2350	4385	6710
397	3017	1508	8466	1362
9255	1334	823	3137	4613
3810	4898	6406	9474	1303
1640	5672	6325	6019	1142
9390	8355	1645	9447	8181
6214	7058	4563	7788	6923
2880	7591	5697	1656	7131
3629	5246	2665	1078	7781
9180	739	8052	9325	7233
7213	4509	3553	8769	1421
3923	4020	3312	7595	6691
8793	1055	867	3440	5496
1225	8572	1375	3451	7253
2529	3439	7002	5580	9091
1829	8575	6322	3520	8319
2605	1304	8704	1819	749
2210	2630	6384	3873	998
1023	3394	1070	5260	2349
6180	1740	6654	3239	1051
6576	3277	5257	3374	8687
1821	5925	6829	4926	1205
3159	1696	4308	870	1352
8429	3668	2077	62	4789
4765	7502	5296	3791	4481
5003	3216	3593	1676	900
7188	7098	5019	3911	6760
8683	5498	6687	6099	2260
6736	7814	57	70	5161
595	7706	3018	4788	9977
6148	4709	3642	1206	6883
8692	1908	8060	8000	3002
1554	8642	2460	1312	9060
1455	3857	5784	5728	4006
9036	2889	3980	2772	292
4625	5188	5532	9013	750
9561	437	6107	650	419
4314	4194	7057	4330	6437
3704	6638	1835	6087	372
3488	7624	989	7537	8166
8024	1503	8932	2731	227
2449	4187	6205	6802	3638
2722	4550	3170	488	6312
602	8289	716	9584	4669
7174	9936	4906	4111	9439
7533	6908	5504	2653	5737
9475	9909	801	2998	7068
3879	5032	4418	2131	8213
1184	504	524	912	6137
5183	3590	1158	5157	3011
2645	8543	648	3992	5991
5265	2160	871	6313	2443
5898	3436	2180	986	6414
2202	9651	6930	461	4571
926	6192	1069	4251	9306
7508	9250	8845	6547	1088
2421	4160	2864	4047	3753
5533	6189	5897	1370	2371
3928	6120	7413	4831	6668
8431	5833	7501	7617	7292
3419	8832	9471	7627	3874
9786	204	7923	7580	1349
9020	502	5767	9791	2306
1820	6360	2984	2197	63
5749	1035	3357	6803	9966
4768	7250	5441	5880	1178
2766	5011	5062	8872	741
8407	1895	3868	6206	6076
4857	8758	291	6550	7992
5832	8391	5338	1809	6203
425	7970	6899	6868	1152
5907	4438	8482	2720	976
4980	2396	3618	922	9722
9757	5670	1505	3852	6116
7934	3054	3014	2794	6311
9588	9903	490	1568	1912
1331	5234	8002	7023	1561
396	4469	7309	3803	1308
8749	9670	7256	1686	6940
3429	4580	6457	7918	3741
4558	2642	575	7892	6154
7797	536	1017	5818	1601
6184	7073	1977	4660	1646
221	6301	2792	1116	5283
6344	9933	7552	8285	7474
2528	8711	9760	4080	1618
2554	2983	2389	7396	1657
6661	7716	129	2458	134
713	6098	4657	687	9546
79	6247	9614	1218	2446
1762	7167	3702	9184	8772
5229	6441	334	9193	8739
3839	8997	5456	2271	1547
7559	6032	9157	3076	4572
6849	1772	4936	3817	5176
3469	7658	5769	6810	3077
6813	3976	3843	6179	1221
5144	32	175	7647	8886
9006	5584	507	7355	3152
8908	1579	2785	9662	7150
2497	4218	9953	7046	1322
4301	7249	143	5431	4816
4700	8465	5940	7529	6933
6660	4327	5798	7586	5950
1756	7001	5763	3399	161
6931	4566	3417	9328	7891
6658	8243	5478	5491	8376
5874	2587	563	6388	5714
865	3963	7607	1923	1061
1128	3987	8119	34	3222
6371	9159	8242	7182	9269
1261	7115	8528	2219	5747
8097	4536	4826	5623	393
2883	623	1419	1932	3910
114	8602	8669	5227	5826
7334	795	113	6774	7389
6721	1360	8871	8010	67
6514	8686	9677	3769	8192
7125	1831	2142	772	4798
2581	9133	702	4701	6394
4350	9357	1323	8684	8915
5141	9069	2098	383	2045
756	3695	2309	240	1191
3561	3101	9148	2295	9384
657	7700	2308	945	6532
9604	959	8578	384	8176
125	769	9531	7014	5139
1395	1614	1399	2809	2235
9355	4871	5214	4466	8170
3708	6974	9959	4369	3680
6404	7216	7000	3279	4031
2484	2862	1775	6006	2301
8225	1049	1376	2987	7034
8323	1400	9522	6074	1596
4592	1063	6990	7635	6201
9183	3345	4483	5286	9358
7884	1453	3339	6753	2425
8549	7657	2615	340	1899
1517	4432	8185	671	3085
8447	4527	5844	4254	423
9011	8254	8358	1825	475
9713	9291	2906	7550	435
8451	2943	2536	3178	7525
5085	3600	166	2746	5320
5408	1222	1420	6965	1519
9583	7358	5716	5526	925
4749	2171	177	3269	5994
580	3847	5973	1768	5466
6119	1377	3818	8957	16
273	2163	9894	1982	6713
837	4473	7211	2708	213
9663	4184	1093	8810	7052
9581	1015	4060	4417	7614
2754	9777	8218	1435	3849
164	1868	2810	6145	9078
5452	3182	4594	9267	1134
4943	72	2431	6676	7981
9576	6625	5913	7659	5557
4708	1388	6758	8955	3809
8420	5956	3758	1117	526
8268	3733	661	4963	2173
88	6607	8188	513	7880
1101	4002	5840	528	4221
9834	9577	4399	3132	8476
8723	2811	7558	6455	4897
789	5585	1625	1203	6640
1709	7615	2624	282	2749
7749	1608	9545	7743	8985
4937	3659	4134	9773	3052
7738	5531	4154	4191	4632
5836	3521	7871	2821	522
5827	6339	1214	8995	3426
6016	3032	8006	4986	7739
5	1016	1851	9388	3361
9898	5333	9051	8734	1966
7675	7200	7945	5702	3950
7295	8644	7543	1264	8313
6610	3860	5838	2087	7522
245	9142	6674	2570	8186
1092	2430	6093	8895	402
8786	3393	17	1576	7990
707	6304	1563	264	9721
4666	4927	9410	8649	8624
1286	5915	7303	9744	7434
9939	2319	6663	6684	1917
400	5122	3273	3210	8373
9385	9141	1124	6498	5602
6466	7330	3026	6864	4121
1097	6524	47	7241	1279
2339	8629	3645	272	2397
2240	9912	812	2515	8866
5342	1229	5752	1074	6703
6364	7707	4471	3587	9700
8341	7758	3744	5361	7944
308	9477	4423	2769	7950
6422	9575	5484	4488	8781
4584	3570	7549	1946	7512
8270	639	2586	3209	6331
7462	6837	2056	5292	252
8507	9113	4109	5789	3146
6750	5100	4431	1302	7382
4998	4099	2596	1863	4406
192	6122	9633	9402	148
6408	4999	5760	7971	8454
309	6271	7143	4322	3260
9176	8917	8585	6898	9187
38	5599	6543	1366	7122
8385	6227	3382	2784	617
1761	7224	8876	4284	4942
5616	3913	2043	7105	6324
8137	4296	6828	3438	2001
65	4198	7882	844	6762
4574	6480	5927	3406	6204
3767	5547	8729	312	9290
1602	3485	389	8452	4674
2111	3619	4379	3624	2948
9177	7767	5118	5129	6195
2786	6958	6432	6020	6637
3354	6731	6069	1817	6568
7680	4497	5329	1531	1249
8834	7407	8068	6544	4459
4029	3661	5421	1081	5659
6719	4675	9396	7800	8316
5884	6582	5965	8301	8448
1745	1293	4870	4427	4747
5490	9641	5575	2903	9902
2285	3112	53	8519	2304
1180	7404	8278	3029	5563
3220	8004	7352	6489	5451
8030	1169	7070	9737	6584
2897	2315	3310	5096	6651
7832	1144	306	7570	7893
2415	570	5304	137	5160
3522	4491	2102	6492	7724
8098	327	7952	6310	842
6362	1211	2073	6985	2408
3799	2478	8478	7807	8972
7998	3989	725	3028	1301
7029	6878	787	392	9993
1140	7467	2680	3827	8007
5279	4340	5537	2020	1003
6709	5628	822	6315	8523
3655	1488	3380	4048	307
9769	5039	3681	6015	3892
1162	7155	367	4807	8660
2543	2359	2848	4553	6405
6586	888	7507	411	1555
1565	2739	8838	3041	6061
4608	6590	2122	4489	190
2931	7406	1707	2927	4929
849	2109	1149	668	647
776	9466	7889	9079	3592
329	6073	8020	5733	5483
8266	3949	4241	1557	1485
6413	6903	9779	1719	7208
9705	2683	7830	2014	6496
8783	1086	1146	2505	353
6031	9414	5635	1401	8903
4165	4764	9837	1986	6475
8179	4043	7524	9043	1343
2898	7691	5128	4847	2552
2388	9676	7588	8637	2455
7606	9774	1749	4734	5885
2352	5462	7364	6618	1154
6562	3986	1838	3569	4341
938	6216	2462	5751	2916
3090	5791	8826	8162	3447
5022	3375	3537	1028	5967
3574	4987	5148	6880	5263
7686	1429	8823	491	4878
3315	8027	9373	2774	2144
2894	4147	127	2212	4192
4126	4990	9455	1437	469
4850	3226	8142	1157	8041
8843	4059	7955	4877	5805
9442	4419	5067	5675	5053
8312	1971	834	878	9130
6793	2123	4517	4074	7033
2805	7429	7812	3428	421
3551	2204	9420	197	6046
567	2967	6742	3633	458
74	4214	8573	7505	4950
5682	1198	9153	5307	9312
5976	5712	9058	3066	5202
1373	7005	939	9340	8483
5482	5862	6045	1170	158
4199	6307	200	8928	2188
9833	9318	368	2158	7449
3813	7584	2781	2647	952
3975	4278	2286	9280	1220
2252	6088	4173	6070	4138
7219	7844	3897	6541	3581
6219	828	527	4884	8284
574	4476	7487	9761	4787
8147	9883	3129	7805	710
8130	9507	1173	1490	5376
4049	6440	8522	2553	2999
7699	9828	535	6121	8591
7210	4451	662	4600	1037
7231	2426	4662	1008	2826
3253	5766	3544	4697	9168
5302	9820	9433	2444	2801
6777	4441	5064	7860	1447
4679	833	9934	553	7004
9120	8165	2076	4223	9785
9565	1417	8780	3648	8584
2416	140	2678	4923	2947
366	9042	9533	4644	3705
5725	9480	5341	4454	6248
1300	2002	202	1079	8635
8953	4623	3344	5365	7853
3933	7473	6754	7196	758
267	9055	7498	1685	9403
4901	9830	6456	9968	9321
984	3423	5992	9706	9812
4542	4306	4992	2090	7411
8321	8143	6113	215	7258
5357	7118	3453	9554	4939
8287	8326	8717	9327	7248
3566	1592	8680	3349	9161
6075	6987	9114	3611	3888
6472	4436	4900	8342	9626
1306	4207	3948	9945	6168
6430	2914	993	4695	3445
1463	4204	5699	7199	658
700	1598	6945	3792	693
1405	5325	4217	3479	5417
517	6281	8085	6372	7071
919	4303	7642	6004	8966
5107	7825	3723	6178	2866
6537	5054	1263	3431	6912
947	8207	5231	91	6023
4804	7395	7085	3001	7764
6233	5919	6915	2467	3117
4411	5718	8531	9746	6268
3575	7901	6208	7645	722
3302	2055	6263	5695	7828
6603	9118	4061	3953	9543
4508	6081	1785	5535	2590
6766	6601	8039	3564	1682
8755	478	8421	530	8900
1459	2806	9367	4430	9632
8280	7315	1192	9650	9947
6077	1742	5804	3554	704
1213	8707	1207	2816	5267
9550	7520	5859	4818	8990
3591	2269	3945	6592	3751
8934	3538	7986	8145	7518
5044	2418	679	6921	9693
754	8040	331	182	4599
6135	2015	3729	8497	8600
8210	8206	2814	1871	5464
8125	1526	9063	345	8643
4329	4467	6130	5253	379
3334	746	4640	6983	1290
4778	9246	9087	8910	510
8498	3932	5334	3870	8350
4188	5841	468	9206	2065
8525	4991	9927	9616	7964
208	4743	847	1147	8096
4183	2716	6926	9678	8841
3050	4830	1797	5106	3196
9150	5951	5576	7539	2521
4186	645	8969	2867	1589
2400	8329	565	2406	8987
1332	8970	9045	4806	5081
583	9178	1834	8968	1120
5343	3496	1342	7720	7134
9463	3875	7066	6911	7349
1275	2324	2089	6697	1893
6542	277	1058	576	5370
9764	7091	7677	5079	6785
4993	194	9224	611	4292
3261	2890	5943	2885	7439
7120	6066	599	5996	5238
8581	9707	9446	2320	9223
8689	4158	8738	211	2600
2206	1633	5625	620	8668
7877	8828	4250	3770	9378
1916	8197	2957	8726	4946
9038	607	1353	8967	7511
9643	2902	7030	4277	1393
7121	913	7815	9526	1913
7039	2381	9315	1964	9498
4958	8084	6759	9382	7267
5070	7266	1215	4007	9286
1869	3536	8410	7746	781
5632	5171	6234	4745	1892
1427	1391	5035	7328	3321
4078	5061	8051	5958	3008
7380	4107	5731	4716	987
239	6848	6454	7136	4067
8163	9200	8276	791	9636
9207	9288	6504	3640	3395
4520	1822	3246	5301	5026
1649	3202	7279	2964	3700
6795	4492	6354	2618	936
5845	3470	348	906	2974
4791	1185	3254	590	5954
2989	9156	6294	6960	3811
5278	3780	8336	8659	6329
3274	845	2347	6352	838
7205	1341	1311	2470	3745
5706	2364	1014	9599	3289
2757	6057	4040	7831	1283
2447	5582	6519	9089	3672
5369	2398	964	4041	6160
3478	8305	8710	6718	3405
1972	5600	5396	6451	9611
9596	9564	3230	8144	4604
5598	7638	7064	9107	9884
5201	3862	8131	4097	7263
9699	901	5116	8773	9487
5360	8458	408	12	2856
6910	4692	3160	8050	350
4579	8971	2265	255	9296
4233	6444	4248	9313	8782
8796	3657	9860	5270	1486
6865	4882	7718	1562	7610
440	7168	4661	1910	6468
6525	8545	3258	839	6484
5269	5986	4288	9377	891
8576	1084	1295	6138	9127
6620	5050	4626	4959	7225
2501	6002	2729	7687	9806
1741	1108	5028	3365	7791
6922	2982	6476	8859	3958
4763	7637	8208	5527	5761
2936	8193	7757	4931	3955
7056	2512	552	4247	2327
6326	9202	3118	3979	3124
4382	8455	665	2267	9955
4102	7440	4104	8240	8457
8611	6369	1216	6559	4129
8657	106	178	6380	3040
6734	3203	5647	82	9997
6876	179	8333	9675	6649
9881	5621	8878	6317	9618
117	5391	9673	8435	9703
3798	3656	1297	2118	9864
5724	395	3097	3009	2584
4463	4893	8893	2938	1926
456	247	3790	2506	686
5389	2544	6034	8663	109
1644	8248	7152	13	7171
9567	4449	1351	4751	1872
1911	237	3706	3643	2035
1428	3525	7340	2616	5125
3298	1381	545	7729	2038
9090	2721	6587	7554	9745
9326	5388	8570	5315	6232
5168	7475	6379	9451	5869
7463	9457	3507	2081	1800
2288	4434	5521	7644	9523
7293	6221	6811	1540	7212
5881	2789	2112	4246	3938
6805	8694	8413	946	5864
796	2525	2793	1161	728
9454	4367	3794	6255	3024
798	4917	3931	3856	9876
2620	7942	4920	4044	1065
2669	5929	1479	7107	1350
9192	3467	102	471	5454
3037	2072	9551	8200	5711
1823	115	2908	8426	4739
9096	1466	7890	9052	1038
6117	6606	9009	1959	1698
4610	9383	2362	5875	2383
5282	2027	898	8881	6977
354	2629	9851	2091	821
3030	5140	50	68	7915
3869	1639	1864	4140	5905
5933	3058	93	7229	9032
3960	9597	3622	4637	3995
5261	5989	2827	6211	434
4179	8776	183	7242	2507
6927	7236	9740	6763	1903
4275	4490	7500	4299	4391
4153	9846	8102	4236	3319
4540	9075	3954	5793	1487
6578	1396	470	2479	9443
9230	9516	7415	4320	2217
6843	9483	8750	3293	7908
7331	2976	1494	8722	8245
2979	9921	1313	5983	9878
9829	8958	5266	6647	8212
3155	9712	7137	9723	7590
4064	573	4954	677	5768
438	3035	1001	2565	7082
2469	6527	4219	9609	4361
1855	5848	8157	9976	3369
3064	8136	7721	2224	7099
9695	7768	5590	8699	5719
9671	3360	4725	7867	2580
2189	8286	4209	7436	9649
1546	2560	6078	8756	1552
8592	1710	7383	9448	2727
2935	675	5743	654	8314
6500	3853	6013	8712	3563
6194	797	6553	1886	3396
6146	9361	5374	4203	2874
6356	1315	7386	4888	2714
4710	7164	44	1713	1944
5500	962	2662	1208	3842
5544	1690	5586	8814	2878
7003	8013	751	8977	7544
5042	9688	8748	486	3332
7153	3916	4289	799	9165
4862	8297	1525	1897	2191
3234	4237	4155	3886	8378
1006	7294	8310	8891	2200
3425	9836	8994	9151	7927
4995	5689	7820	6365	1760
2434	9053	1584	8962	2314
3815	2175	5475	2571	9900
8946	3760	7956	5245	7245
5433	6285	2275	4528	9004
678	7372	6701	6897	9241
1387	1217	9435	5084	4403
4753	2141	6012	2674	2972
2493	404	596	6071	6779
4866	4066	3501	1493	2477
8720	6895	6336	933	5854
5380	8479	1432	1582	692
2855	9022	5726	3628	8066
3626	7760	8510	6052	333
3422	4208	8827	1201	4663
126	1627	4911	7165	9979
2037	3692	3186	5640	8801
6355	8334	4137	7926	3266
5750	1677	5574	4022	6134
9940	4351	1642	1226	4332
4907	1665	1231	1888	9122
9440	4264	6425	4004	9259
9726	830	60	6944	4975
5152	5308	5966	9331	7983
9413	5909	6906	3514	4699
484	1122	9877	5103	7214
5222	2745	4861	4291	1967
9749	9468	295	2713	218
7261	7959	4270	7808	9140
6029	4346	7599	9249	2796
7374	3384	4068	934	6024
1224	2541	2622	3099	6055
376	8025	8118	7446	5952
5556	7148	7719	1200	8252
86	5335	2471	297	979
8988	5567	324	5276	8331
2520	9345	5251	5928	9314
4450	8495	8794	4437	6022
649	4941	1975	9849	4446
3912	5614	6540	5295	5668
3197	1379	1209	2504	6036
8590	7694	6893	5825	7257
6064	968	2008	1791	212
2939	9334	1792	2764	1938
5701	3503	7993	59	2039
1272	3163	5023	9944	9961
1655	6722	8658	951	4304
9978	4964	49	6493	3023
1386	172	4302	4499	7608
2483	6290	622	3288	8638
6503	5405	5604	4072	5708
5450	4280	8015	7839	3988
3613	9238	473	3707	6605
5667	7187	3154	1174	1512
5237	2851	3511	220	254
8911	4783	1921	7299	6167
3219	4507	5090	2804	9527
7701	8745	3996	2617	2392
6320	2933	4575	521	2498
1274	7811	9044	1021	829
2712	2184	9033	1359	2303
5997	8300	8149	9191	2124
2130	514	3130	6989	2841
6335	9544	9028	8042	4052
1153	9514	3183	4287	5873
7663	4976	9736	5920	3594
5256	2325	9510	1700	2803
6732	1145	8655	1136	3300
2170	8791	5814	6832	3499
1845	9149	3761	4398	186
6385	6847	2289	9620	929
1688	914	9257	7017	8553
1135	7472	2663	3920	1052
4702	2450	3567	9111	2110
7283	3264	189	8438	2825
3080	1854	7997	6769	6901
2079	2300	7684	8283	2537
4856	4295	9292	4201	5165
3925	2677	7941	6963	3835
6316	8662	2609	1357	3597
3598	9542	2377	9359	9119
5438	7459	8618	3194	5578
7919	7274	6040	9379	2148
5303	2435	1150	3885	7041
2823	6886	2075	5847	5076
4903	2064	2962	8439	9524
9751	4724	5379	3100	8949
3213	7476	9819	3800	4535
8746	4523	3887	5172	8417
3275	4227	9832	1248	7390
2872	283	820	827	7957
1489	768	1743	4705	5839
6534	5356	9287	78	5593
7618	7430	509	3718	96
4380	2393	7047	9146	2611
7147	3762	2627	2904	1425
4144	8731	6001	4583	2672
7818	2205	537	5166	4835
8089	3805	4560	5543	4256
4904	5790	731	5373	6140
6798	9497	5816	8732	8784
6169	615	6783	8018	2172
5091	9942	6861	9005	695
6851	2346	1992	4307	2331
3475	4069	8215	5182	5138
2574	6420	5112	4634	2317
2060	4089	3540	4673	5683
5876	7961	8303	6918	2824
2787	8792	92	3353	4713
3884	958	9352	6059	4413
4776	1118	6575	1755	6972
1807	2568	8044	139	9635
5472	2273	4641	1634	9801
2802	3660	5652	5230	6300
4924	5918	809	2850	9323
5681	566	2251	5555	8359
5345	1622	8654	9906	6924
7976	1230	7368	3072	5755
6835	4414	7151	8432	2181
7708	3778	8877	843	9521
3878	6062	462	7905	5252
6952	1798	1922	6884	701
6819	7787	7996	4166	8174
4181	2593	7053	4854	5656
1492	2193	6857	4169	6856
2546	7902	8444	7648	2780
1984	7913	450	4718	7460
737	9264	8384	6975	7702
1734	6639	8418	7128	5449
3232	4957	8031	1577	1324
905	532	1752	8409	3198
7865	8697	311	6616	8583
6158	5174	449	256	3366
2524	8005	8484	9485	9572
9924	9948	7375	7723	770
7555	7026	4039	3292	5108
2961	9204	6635	3474	226
9218	6860	7444	8589	3211
7534	7455	3688	643	7172
9612	9300	6085	4748	7276
6241	4442	5970	6838	185
3173	8364	4266	474	2833
9741	5143	910	4928	123
8674	6435	5311	8393	5568
3634	9066	3123	5549	4480
5111	9701	5959	4252	5560
1367	7298	8665	7095	1438
1515	9856	2436	5676	6850
2247	6955	6627	4012	5442
2230	816	8830	9106	3685
314	4477	1071	1114	9121
4253	1875	4689	4732	2074
8907	8338	7516	4178	6467
6621	3065	2376	825	9145
6396	54	7842	3151	9804
699	1156	323	25	7369
5906	355	4622	1441	2343
479	9462	5109	7163	294
8904	9236	1580	8540	5764
9237	1523	682	4514	3013
743	4025	4554	9389	1811
1481	3452	5469	2659	5133
1265	5540	1047	1956	8204
7316	9261	5073	2993	8075
3252	783	2660	6776	2734
1572	7725	6357	1076	4989
1083	7394	6367	2465	7403
8840	4372	9490	1694	4656
6528	3401	7048	6565	8390
4495	5802	1499	4890	7551
9464	489	356	7538	28
9821	2949	2248	1415	7843
5473	5215	3061	582	634
3441	8713	9605	3840	1378
5169	897	6175	5151	260
3984	1110	1452	6827	995
4812	5036	5978	2701	6366
8503	2518	3740	3480	7940
3082	4376	4848	6436	7158
5519	6479	4255	1929	4494
7486	8138	3062	9931	4880
5613	6796	442	5018	840
1294	1949	9772	2711	9541
8931	1632	6629	9041	447
9293	7530	6267	278	2610
5249	195	9720	6593	4737
8322	8848	6967	638	9303
146	497	7730	8719	1307
4810	3726	2147	9129	5619
9686	2837	8220	3924	1924
4118	5865	4971	2150	6090
1777	2424	457	1859	5216
3147	4034	9813	2236	6215
9613	1282	7875	6869	5569
6265	832	1530	1131	7553
6407	2651	6106	543	1841
4019	5005	8486	9274	119
1832	6715	6245	4750	6104
1482	763	3352	5571	184
5317	1635	3446	7238	1874
5896	5858	9436	9797	8856
6132	7897	2502	2153	5939
259	6164	14	136	3347
7206	6968	8884	2092	7183
9800	5742	9982	427	7453
5007	9496	7809	600	8116
7933	5323	6825	1024	2356
8368	9766	5509	142	7450
2329	2311	6826	4362	5662
646	8508	9169	9861	1782
4389	15	40	3725	5899
9724	1287	559	5486	6092
7194	5629	5242	7075	6566
9783	9123	8807	8493	1876
455	8425	5162	7348	4334
1260	9954	2905	1849	1765
9254	3199	6197	2815	8621
5570	2822	9027	7445	6840
4969	1701	7222	5664	9068
9258	5810	3763	5806	214
2612	2926	7484	233	7139
973	9109	5013	6292	3696
2676	5729	9787	8854	2120
3654	280	2370	9364	6499
5665	6561	9529	3854	3547
6991	5223	8858	9493	9623
5347	4042	6253	9915	5411
9859	5961	4409	5624	1715
2196	3276	2291	8630	4011
9538	4612	4760	3134	8327
971	7326	931	6086	9460
451	8631	8963	3576	1564
7904	8751	1054	8790	3145
7616	2178	1281	4581	9571
2174	1704	5226	2633	6043
5313	2842	571	1860	1235
3299	9160	6011	1189	6399
5748	2859	6021	5004	3632
6027	417	4578	2591	5863
6569	8035	7962	6970	1919
935	5248	244	7133	5167
5964	5066	1166	3529	9711
3523	4714	8164	5679	1780
6332	7290	5680	205	5285
2287	9587	7678	2017	3864
8842	9155	6373	6536	9426
4597	2747	999	8789	8115
3650	2503	7625	9001	1927
2924	6094	4879	4136	542
802	3535	7770	7022	3820
2419	7824	1474	3005	432
9842	5211	7761	9217	2775
3287	3500	382	6866	8670
1891	6243	8615	4676	8111
7360	6971	1444	2900	5213
4601	5426	8809	7402	2272
2106	1906	3721	7117	924
1443	5385	9963	7583	7228
4141	3296	2828	203	8255
5830	238	6439	970	2813
2748	9603	6574	2513	9279
8785	7864	415	9467	8388
9209	4838	5631	2599	7751
3410	5358	8984	8777	5439
2152	4596	5690	681	453
362	6602	2951	7668	1314
9710	6342	2468	5926	3579
8564	6956	3263	9181	8211
8614	2063	270	1040	8868
4868	3966	8058	1613	2461
4092	3486	744	8867	3458
6144	7790	8596	2402	124
191	3466	4649	83	8802
6712	990	8414	9354	7113
8302	481	2368	4949	2358
3896	7038	5355	5029	1805
4014	3164	5922	1751	667
2990	6338	7966	1802	4373
3087	8607	7924	3400	8922
1873	4522	3034	1318	2688
7974	3420	1901	619	9574
4202	8537	6308	9698	7300
8831	7527	2030	5458	2679
8504	1219	6563	8682	1371
9304	3526	8639	3162	1413
4293	2209	5851	2899	8580
7417	3498	4226	8246	1255
2185	556	1498	6305	2744
4460	3968	8442	460	8787
8382	4424	4435	8965	6984
8299	2192	967	9644	3509
6139	5192	8882	7069	6591
8325	4215	3959	7162	7900
370	9755	3614	1930	7916
4023	5056	2052	8356	863
6337	5932	8705	2598	4197
9534	4902	3448	8820	8158
2459	3108	5861	9256	4310
8582	8315	6571	7409	4354
8156	1884	9537	4591	5901
8952	8340	6939	811	5038
4244	4151	4913	443	920
841	7329	406	8701	5414
1291	1771	9469	4370	4475
6297	2715	6695	3179	2835
2223	9316	8673	7254	9748
9234	1477	885	163	9210
1684	3724	2564	5437	6526
6614	8544	4968	7773	170
9112	2270	2871	1262	4035
7341	7769	525	2751	2386
6060	4696	9518	3378	6949
8105	6546	8306	4484	9825
703	9271	3095	889	5823
4647	850	7630	9853	994
8308	4836	4395	1502	6452
6345	2700	2395	5573	2412
9495	2495	1617	9798	4614
7517	3364	1325	1691	4017
5175	3863	2019	941	628
6648	4905	7560	2094	1106
9659	1990	3977	8561	4693
3237	316	8387	5734	9734
3750	9841	97	7755	6716
5644	271	2345	6182	6980
8691	1788	4100	3631	6446
8296	9319	3572	5910	7935
8190	8173	4948	1963	7144
8727	8182	4298	2365	2588
4546	2198	7418	5564	7284
7423	7846	4756	5074	5698
2761	6187	2567	7483	5594
4678	1167	8019	940	2942
3036	7027	1541	9342	7566
2549	6761	5633	5363	7621
5254	7305	9311	8718	5787
8088	2333	5427	1025	8595
3604	8676	4347	1210	1950
8415	4721	8122	3468	2486
4930	9330	1412	7620	9793
80	6914	6959	9208	2873
8530	2012	983	1238	3388
9205	9099	1280	733	8481
4271	1931	1019	8898	3565
4965	8371	3398	8548	1190
9227	5536	1725	4095	8103
5630	8588	9450	6283	357
4336	546	2641	9732	8616
1527	7074	5424	3086	7850
6464	8419	9886	7093	9039
8612	7579	694	5831	8610
4101	5658	9366	4062	7689
8587	1440	3636	3350	4135
145	7914	9559	9088	881
1862	8267	2058	6293	1550
1867	3589	9922	9244	5523
9901	5979	2494	8	7325
3694	5795	8902	1245	7894
1773	330	8194	4036	6473
8617	7515	5400	3280	5980
1816	6151	5063	9232	5428
8883	6778	4723	5657	8260
663	5402	2791	3851	727
9470	2892	1609	8038	4461
8816	9387	2695	2491	9251
9476	4478	7619	5507	9582
5025	3545	902	5235	8747
1933	1909	9778	1234	9838
3784	5998	6096	8032	1793
1915	3250	8077	61	9625
7025	1223	5046	2125	3914
5281	9729	7051	8317	3337
500	2168	5963	3845	4328
5520	5447	9674	4779	9458
9473	5492	5855	3934	6183
7198	87	5673	1717	8346
428	9281	9863	5024	303
2053	6112	9503	3606	7585
9059	9242	3678	2100	942
8496	2740	9018	2399	1316
73	369	4079	579	2986
6065	8065	2203	9513	6535
9380	2692	9509	5788	1160
8127	1824	4548	2710	6340
173	3046	5367	8028	4156
4938	9297	9981	9664	8964
6177	6705	9691	147	4498
9336	5164	2994	717	899
5778	6818	7920	4988	9126
7010	3902	3752	8237	4828
882	1252	7384	3245	7084
3104	7190	6862	7732	7987
4262	6256	7869	9409	4801
6309	1996	3256	5476	9943
37	6129	6995	9731	3746
892	6242	56	5095	6223
9868	9594	4005	162	1839
4635	1702	2917	4167	8053
5049	9273	6902	4258	296
6806	6411	2895	2007	9158
944	8416	6692	7713	4793
4422	7078	3144	6942	7988
7324	43	5045	548	1744
7826	4190	1436	2061	2211
6161	2860	6434	2255	3962
6257	2952	6757	2042	6538
3495	2338	4281	1389	7016
7090	23	2423	4730	7354
9515	2281	413	8887	2022
3997	1188	9117	2551	5477
7185	4691	3562	957	8574
715	4485	3201	4736	7106
9891	6382	9980	3716	5104
9233	4333	969	2016	7391
1600	4859	4534	4694	8003
8436	3773	1241	9486	3105
3045	7346	1861	230	6645
9479	418	3969	7392	4832
5732	9547	7792	1329	1962
325	4573	313	4381	2104
5337	6633	5499	7281	3341
7424	591	7006	3832	2776
4775	1712	3941	855	8935
6274	360	8133	4175	3690
721	4972	4769	6350	7703
516	2614	2375	7438	7640
3981	7667	1746	2190	2228
3891	9654	4357	64	3106
9941	1529	5068	3560	8945
2919	8443	2133	9164	4568
1882	9035	5212	6855	5362
320	9136	8721	89	3346
7452	8599	5597	1885	9702
7567	9453	8298	6551	5340
1987	3972	2297	8282	2783
3830	5780	2034	8396	5545
1414	6100	5856	33	8775
1473	6026	7542	8568	2735
5015	2221	4510	6549	7420
6431	3473	9295	7943	6235
3098	246	6410	7044	1965
5904	4401	2115	8961	4447
6946	9329	7965	5746	6794
1810	4609	6724	9995	5931
5756	2865	3372	3188	3444
3919	2414	1385	4921	6781
637	6737	8661	374	9097
1392	6429	8281	6953	6644
5460	7277	2278	1475	9154
5434	9607	4400	3019	2575
1176	3172	711	5942	2355
4394	6047	9294	8938	765
1856	732	5344	6359	9646
7317	4712	9960	9615	3505
8360	9452	2561	1105	972
8082	5132	7050	9865	7273
6801	8469	5653	766	4985
7936	2348	4970	6888	9988
448	7598	5645	4091	3719
6050	8250	761	2108	8889
7991	2322	7204	5677	1590
726	318	2523	803	3900
8433	2253	5445	2613	6728
90	1423	499	1026	5548
8839	7896	7589	966	5207
4922	3217	7138	9411	9970
6555	5857	660	2067	5444
4664	8135	7982	6702	1005
8920	7911	131	2637	3031
4538	5099	3244	895	8998
7938	9337	1620	4240	5993
978	1510	6109	8797	974
4796	2166	8269	1247	5819
3908	5147	7563	4210	3125
5300	771	8430	1500	6573
5801	5033	9923	6788	5513
7232	7197	5800	7953	9459
3937	7388	5990	880	4802
909	4177	5299	3635	9637
5634	586	7387	4909	520
4393	4706	8357	3342	8632
2896	1978	4088	9660	5336
2965	321	9216	2511	3940
5947	2429	2685	7878	6445
1335	6198	6556	3512	6954
736	5346	1905	341	3351
9231	5170	5055	6072	5553
2670	4046	759	2445	3411
7421	4827	5779	9972	2946
9739	8927	4618	1543	7727
8541	1778	5757	886	3993
8347	7673	5890	604	2966
5394	5489	3067	1830	6729
7833	1445	9422	1612	7332
4171	1289	5150	762	4316
9322	2066	3513	5136	1129
2059	5775	7357	2790	3187
1787	2970	2378	6238	1320
3056	2623	2557	8535	5707
7220	4821	7278	1397	1976
9344	5031	961	371	2194
8941	2357	6694	3787	4918
2941	1943	8563	5220	8652
8851	7154	8989	1194	5785
6277	5185	873	2973	779
7697	1532	5195	9166	7246
4843	1650	7939	2363	7393
572	3462	6042	8487	3150
358	6740	2427	199	4146
5397	8262	9690	2233	2911
276	9437	5646	8521	3192
6887	4159	398	1898	236
3184	7954	269	9332	2162
6841	1757	5493	8230	7160
3926	4065	3666	8550	2237
7928	2433	4636	2522	9630
3644	4164	5387	8086	4464
328	9317	5083	2029	6080
8459	4559	5879	6490	2116
7215	8664	5514	9478	653
4076	4720	55	3048	279
7712	466	2387	6007	9590
1654	2277	557	3588	1588
8956	6747	4374	817	7744
7209	9689	5987	9348	7565
196	4470	7735	7178	7803
8362	862	1044	9222	1846
3715	3386	284	9213	5262
4195	9908	8533	3749	3768
7059	7311	1759	9682	6128
8450	41	4814	8177	8304
8311	7545	1406	9840	2244
6101	7156	1767	2490	5072
5228	5384	7437	3991	8083
9823	2127	6518	8139	301
1060	7094	4885	7408	4934
9401	1112	9047	9568	9795
7587	4116	6988	7907	7081
5057	9640	6673	2723	4752
7888	3779	3637	3282	2759
342	8012	2988	4033	8238
5287	465	7373	2241	2254
5075	8909	1109	6237	550
9372	104	9796	7243	1509
1250	6879	7312	9848	8940
2836	7733	4659	3200	6770
8344	5860	911	1781	1309
7343	6228	1059	8150	1511
1939	7731	4919	319	3776
5842	2608	9268	1285	394
4388	9445	1168	1228	8057
8547	4829	8161	875	5455
6531	3785	3687	2448	7698
7173	5470	7466	4105	4448
5717	6083	8795	6936	3089
2161	6570	8852	8463	2011
8944	6609	3766	6909	9809
9994	4368	6250	8244	3584
859	4130	485	7886	8467
9892	77	9685	7123	7652
6417	8648	786	3000	9562
5988	1472	36	401	4512
9847	6240	1889	7191	569
8180	3804	7819	3047	1591
1133	5603	669	8695	8752
764	8811	9598	2013	5968
2849	5777	9888	2167	9895
3621	7410	8121	3075	2451
2782	9875	804	2492	3797
2385	9628	7280	8690	4482
9499	9818	9305	2405	3837
6448	5280	6626	4967	6152
2696	4377	8256	3251	8394
4037	1974	6501	8847	2606
8366	8354	293	9647	168
3193	9073	4688	4611	4667
5392	3877	9672	9275	6844
5059	6153	4058	932	9753
2550	5674	1942	188	2928
5393	2913	6298	5512	3318
4944	2054	5812	1390	5052
7060	6642	6084	1164	2480
4087	5510	9115	9491	1524
289	3414	3331	7076	2743
1521	7042	1681	3556	4162
7288	7100	5792	8023	6193
872	851	2279	2635	2929
7740	2922	4353	8813	5955
5368	4729	2213	2981	4792
4282	4846	8222	9056	5409
9399	8937	3532	5153	3484
6393	5332	3982	1724	887
9030	4698	4682	5641	2243
7226	11	3994	5203	8460
274	683	8929	5721	9814
8808	9824	9752	2689	5781
6037	8330	7984	7302	7447
6706	9593	3693	9631	6210
3257	3027	2069	8168	6415
1333	5191	8869	1363	7442
6461	6938	6102	7130	3096
4841	8899	7754	5440	3304
1348	810	1784	156	6636
3212	3673	7087	8524	7287
8339	7032	2863	6131	3284
8381	9061	2770	9170	286
3549	2049	738	4228	6714
3795	7777	5837	483	1900
4549	3267	5606	1269	2413
5550	6319	5705	9071	407
632	9586	1403	4325	5620
9248	5935	9910	7367	2114
266	8542	19	8473	8152
1896	2730	9252	8353	8184
5938	5273	3603	7195	5218
22	6889	4103	9245	7692
2661	2463	9679	1253	2650
305	1770	6386	7856	7127
1123	4506	7251	1848	1130
8506	4120	8534	8405	7806
9666	877	2095	1002	4384
9951	8959	1708	3109	1940
2797	9098	5010	5197	2694
6174	8258	8106	9872	1661
3392	782	9893	8627	4803
2373	1125	8757	2578	9831
3978	5145	2671	3006	7980
2830	2819	42	2664	4794
6127	7235	7883	2422	1969
4313	8061	69	4735	216
6982	9998	1623	2489	8597
7863	2268	8155	3946	5786
4525	5774	3249	263	7995
2519	265	9763	4869	9116
1175	1075	6508	7176	1011
6252	3049	3786	8703	1840
8992	4686	2950	7779	3528
8383	9784	7536	8861	8606
8092	3084	8598	3867	4114
6928	3999	9899	5135	9535
7119	9040	9298	3412	3717
8234	949	975	7836	9762
2154	6217	4933	8167	3355
4620	6768	6973	1539	3421
3053	1449	7478	4683	9225
1296	3967	1952	5330	8271
4359	7646	609	7240	3557
1542	5528	784	3609	7639
7857	7319	7870	5163	2955
8714	4311	7140	2195	1902
4984	5488	4071	3463	2532
2831	5419	7492	9949	9405
1679	2800	9525	378	7669
7470	6361	3091	9194	2409
5703	9024	4094	3508	445
4605	2234	4865	9016	5534
1570	8870	2644	9070	608
1705	8978	3043	4704	5131
9093	1355	7247	1007	7399
5291	4595	7540	2179	5065
8224	116	7714	2634	4849
3679	2231	6114	8696	8608
2538	9627	4570	6830	5326
8981	1675	636	3935	6896
206	9558	8924	4630	5155
6266	5870	5722	2239	581
7881	6095	4245	544	3283
4468	9629	6799	2597	4524
1177	6704	9270	1667	5479
5678	9064	2025	426	3710
9438	3895	5142	6477	3961
8764	5119	5156	2101	9579
7086	601	1242	8516	3930
6744	1077	9253	9046	9990
5638	3964	3272	6994	2652
4231	250	6133	298	982
8897	2527	4335	2572	8819
5350	268	9890	6743	9000
9683	9425	2996	4009	3824
5158	8221	7775	2128	8219
1904	6079	4790	4056	884
9338	4108	3367	9867	6181
7979	1087	1298	5753	6628
5713	7661	4220	29	813
1599	5463	3883	2105	3205
8462	4761	950	6166	2093
4797	4163	3947	7736	5098
9062	5736	5720	7272	5637
5312	5322	251	9163	480
9975	4531	3359	4358	9189
159	4086	9100	2920	2407
2918	1045	7271	1766	151
6669	4342	6969	6992	9406
3391	9424	8434	8733	5617
8512	7192	3397	5588	3340
1607	2995	8217	1955	2673
7772	2771	578	7660	9376
7834	7322	8546	3917	1647
2953	3506	9692	3534	4628
5305	9185	9708	5130	3476
7461	515	4982	2284	605
9360	1457	7574	3834	1064
6273	6745	4589	6583	8505
3127	7385	9569	9601	8029
5829	6370	1409	1042	3459
8539	3487	5309	4267	5041
130	4685	1804	4249	4872
7157	9870	9284	5903	8666
8788	6913	883	6950	893
6190	8480	2687	2910	9007
2526	9718	257	8124	7020
4834	4516	9775	1368	8774
1465	3330	7062	7252	1853
4206	6929	757	1637	1236
5030	5184	9926	1935	7304
2888	3630	8667	7868	4646
7202	7381	8363	3906	3071
5321	2086	6105	674	7398
9008	818	9417	1586	1321
1616	4772	8365	7007	6389
6377	9964	9914	4822	2033
4225	1711	6478	1032	7353
7835	2466	5592	3823	8975
7641	5817	3329	9540	6163
1522	6142	930	1852	1738
6303	1673	4112	5506	5089
9260	5117	4013	1988	3449
2382	981	4833	3898	519
1383	551	8249	85	210
3616	9930	9946	1936	5306
6797	8159	2585	3415	4352
8527	1894	9186	6141	7741
2229	2119	9421	2366	1043
4585	6226	6690	4687	2134
2534	1132	6330	8979	472
2380	1424	8223	1273	1857
3983	9375	8677	6269	8472
5596	2005	5782	1813	2778
6807	375	3489	5669	3754
7485	4555	3409	1890	4383
1495	2292	7040	4839	1448
7170	1638	2047	1310	6821
8571	1433	5972	4759	2853
7109	1127	9556	8579	4845
1914	3472	1172	3742	8625
3348	4110	8427	209	9003
3204	705	6209	7237	7985
8768	1212	9917	4518	8074
5999	6870	5715	9277	8743
4588	7756	3060	8538	477
2697	5080	7089	5020	6670
9989	6539	9570	3826	2496
7573	3238	5642	4500	6839
9889	7633	3646	1879	3390
9266	8993	8241	7795	7947
1836	6018	5846	8873	6999
2788	9214	3044	6789	6948
3658	7193	4557	176	3403
9738	9262	9765	8372	2601
2876	3148	5946	380	3092
4770	5877	1556	5685	9747
4444	670	1330	4404	6058
5274	6764	8725	1581	547
1458	363	467	3107	4285
7179	8112	2256	7255	9743
3166	4556	9655	1046	4055
6506	8656	5193	7314	4974
7682	1716	3907	4283	9555
6679	387	5468	7575	6951
5813	8803	3518	5518	2667
606	5615	6657	1928	8805
5224	6421	8187	1	1233
4213	2945	2021	7840	3016
2704	2003	5894	8226	1535
1573	4519	9871	8251	819
9147	9725	6363	2410	4344
7217	7722	4205	8919	1090
7043	3831	9905	8824	1461
630	2717	9653	9882	9015
7495	1408	3377	4426	5354
4754	8837	6212	6186	672
977	9423	627	9928	6258
7378	7339	5908	6619	7847
3788	860	7609	2847	2868
6091	8055	8172	577	9684
7116	564	8367	6558	735
9512	7268	9563	4189	6643
7146	2839	361	454	3450
5608	7632	2018	5467	9195
7230	364	4935	904	1270
5377	8094	6979	2682	7321
9076	5418	3285	7568	6773
3943	9082	1574	3703	6213
2838	5310	5101	9843	2298
852	3007	4269	1998	4073
5339	2628	261	3735	8141
9996	1814	4955	2031	8672
6916	8947	3517	3848	6723
2595	7112	777	3494	5027
7013	5359	7909	626	3974
6677	9733	730	4479	3546
4375	7999	953	5134	381
6483	9911	879	9124	8295
8441	5194	1398	4541	2923
2648	6604	343	5554	8894
2705	3627	7937	9031	684
7080	4337	2753	4339	9190
5259	4621	9092	4978	3460
5516	24	6917	1671	624
4758	4899	9717	7260	512
2969	8700	7159	8566	4645
1326	4230	1471	7917	3889
1536	8411	5115	5412	6817
1336	508	9108	7181	1239
9188	4784	8942	153	3649
6433	2242	1603	3691	9502
890	3133	3465	8974	5601
2655	2078	907	4125	3899
5316	4070	7024	589	2807
2097	365	2051	3363	531
8744	6874	7705	3732	414
9956	2540	304	6577	6447
9444	288	4755	4925	412
6767	4077	5051	5501	1783
8821	5179	6966	1240	5916
7793	9362	1865	8461	8996
5627	4852	8675	3358	7503
8939	2215	2604	1786	6115
1165	5811	6162	6512	6220
2589	6462	3128	9103	8619
633	76	2750	4961	7221
7350	4564	7861	594	6207
8930	2882	3601	6726	6717
5982	7306	3816	8806	6617
2337	6427	2706	5204	2384
4405	9434	431	3846	2453
1606	5429	9341	5110	8633
8513	3918	3408	997	6000
854	5210	7849	2046	2342
3674	7564	9622	4161	3248
3583	1953	7169	2875	4652
5126	6275	1358	9517	4813
991	719	7685	1754	3789
9481	9101	8983	8565	2756
8203	3510	9929	5481	4265
4106	7898	4075	7468	8064
5078	1284	4551	9029	232
6567	4148	495	253	9879
3866	5654	3218	7862	5505
8080	9302	6978	8199	8926
6686	9196	95	6296	4455
6306	2937	788	2057	2940
7753	1151	9589	5314	6222
2238	4809	4910	4825	5609
4544	4746	7631	712	6299
39	3142	2690	9182	2702
3859	2594	1630	587	4533
132	640	8765	6314	8874
3115	3686	2516	3607	1736
7104	2834	3057	5824	1410
20	493	6123	1159	300
5889	1340	6579	8109	1727
5772	3221	1411	4416	6552
7401	6328	4312	9639	8134
5037	1538	8863	8239	6630
1695	9105	2	6735	785
8428	7885	2514	8078	3586
2440	7827	6907	71	7521
9488	5821	7817	9215	8069
7561	4671	9957	1737	8191
4496	7338	2390	6494	3175
3909	9907	1533	3025	5383
9807	52	4259	2341	5422
6465	5541	3143	1595	8491
4711	6659	1467	8153	4331
4200	7509	6458	9449	5953
2208	8650	943	3317	7363
3782	3559	6509	3042	7963
9104	691	992	5511	3418
2798	3515	1937	6067	5318
5324	8016	3771	7532	7149
9139	8973	1648	9307	1099
8132	2768	8470	9	9349
3236	9756	1454	5236	1507
3135	5611	2907	4182	9844
3195	9904	18	3240	8490
7419	1774	1288	4891	7356
7745	3153	9657	3303	5113
7715	6395	181	9324	3781
3407	6424	7822	4653	5243
9172	6264	2621	3765	2699
9816	2335	9719	748	7009
1575	3176	9229	2646	4767
8140	3430	8090	4771	584
9350	4895	3714	2143	6239
7602	7063	1569	8586	3819
612	5687	8129	8017	5581
1666	5173	3871	7065	2259
6347	2222	4815	9935	4338
6202	6581	1808	6111	8918
9219	8943	4445	7664	4343
3383	8107	6771	4777	9553
2010	7371	1337	4185	4084
2724	9967	6791	5199	3652
4886	7854	2879	7067	7397
2258	8688	3711	9351	9857
2442	6919	3952	1354	3620
9592	7180	2156	7275	2261
5319	9019	3110	9528	752
2654	2082	4152	6800	7457
4876	9356	3149	7186	6428
613	9852	234	549	4408
6671	3806	793	4952	5406
9501	8609	4867	3915	6481
7376	8767	6823	9913	3728
3119	6782	1723	3437	1983
6814	7506	459	249	831
5375	7345	1544	7762	4615
441	496	7301	2531	8933
5871	4543	6230	8216	1699
7628	6348	8562	5088	4326
3502	2843	6655	1643	7804
6143	332	3684	9681	7244
7972	4261	9505	5626	6664
7546	8761	7454	2944	6185
9715	706	1121	927	8567
1256	8604	9198	4607	3306
3764	120	1958	8622	8195
4774	6665	3894	9393	1672
4318	8520	2958	1960	7665
7626	4273	1496	6199	171
8332	6125	9802	6599	7838
7577	503	3903	5651	5551
4018	5636	3181	6009	8056
2912	740	8577	4881	6403
4532	7601	3893	5487	7265
9171	2485	1664	3259	1870
8818	8678	9301	3338	1195
9697	7912	1733	7932	7456
8888	1460	9965	3168	9221
7	3578	3464	1439	262
3161	9815	6998	8740	7035
6615	6780	3233	6820	8148
1446	3682	2274	111	1257
3291	5399	3225	7141	4577
3457	8742	5159	8999	9768
7742	5589	7479	8022	3759
8494	2852	8048	1085	3033
5002	7203	5852	5474	6282
4582	1347	5381	4619	9566
4054	5771	4672	9110	5595
31	9492	7776	5957	2296
2401	2718	3670	2932	5271
2040	9805	2625	5105	5914
7672	1232	8892	6792	9536
8594	2954	697	6787	2808
5684	8653	5808	5948	3051
708	8760	8401	4914	7600
9067	9610	1758	7747	9174
5351	5835	7717	7028	8389
6624	1365	1578	9952	4268
6863	21	7816	5016	8108
1102	9984	6941	8049	160
3531	988	3294	1380	7748
3268	894	9728	1720	6858
2631	4176	8770	3905	1795
9661	422	723	2891	4439
4260	3362	8948	848	6521
349	3311	8233	7728	9095
5097	9228	9918	6746	7874
5221	2310	5923	7603	225
9404	9407	4811	1628	5503
8375	6453	6962	7270	1790
3387	1103	9416	7771	4896
5542	9074	1141	6402	9557
6641	5233	8279	8762	7786
1611	5255	7015	5219	4586
3010	4728	5353	4038	8101
7320	7286	6920	808	3497
9415	9602	5268	1877	8123
8291	7872	3185	8646	1094
7651	1416	3079	8812	8693
4565	9850	3059	6056	8045
8647	9397	9573	2566	48
5577	9235	747	27	2963
4912	6595	2374	9023	5934
4229	10	5849	4319	996
1434	5154	8896	5009	5206
107	5517	868	1850	3138
4356	3801	3121	6557	8146
1369	5723	8397	1610	4740
3327	322	2068	3190	7448
965	2177	3730	498	2607
7925	198	6598	4744	3235
7207	9263	3434	1843	1382
3335	4717	1844	7578	494
2758	2473	856	9808	9991
6236	7031	5607	3158	2640
724	4001	7351	9226	5745
3872	8556	5121	1237	4279
6720	1674	8875	1776	9591
2583	3442	7930	5834	9552
1148	8054	138	7676	3998
4364	2107	4590	4799	9585
476	3731	2857	8247	5895
1066	7111	9048	7666	651
4027	7528	9135	1062	6103
3641	2820	1731	3223	625
1107	4587	5709	3973	4966
3131	7821	1689	6523	6522
1394	9461	7851	2517	310
3550	1553	4979	5941	6051
258	2280	805	3139	3255
2603	1034	4324	8849	5349
6961	2636	4994	7594	217
5404	7416	8154	8263	6873
6010	7161	8916	1068	8352
1339	3663	219	5649	5443
3165	9986	2960	3167	8408
1566	338	3270	8532	5696
9845	6279	7142	3336	1268
7696	2741	8351	7361	335
2187	1050	8449	9680	3582
2547	4057	3004	4305	5247
9759	8292	7370	4493	4874
4157	3552	8759	2048	9494
6650	9125	4552	6993	9381
1319	8008	7765	4780	6176
5648	4	5807	4081	5820
2638	1442	3376	8071	7366
4378	7055	9758	6173	866
7262	3939	8529	664	58
149	7218	9085	285	9347
9282	7726	4973	6808	2997
5149	4117	3207	7948	5984
9992	133	6892	1764	4983
4396	7443	7021	8275	8737
3368	8557	4145	4593	9780
2264	4633	5048	2328	7858
8337	6470	2799	7259	1497
9520	4773	4873	1292	2773
7414	9283	1501	8265	6885
2159	6511	9578	9179	7072
8402	3617	2845	1033	8324
8235	4030	6284	3022	2321
8095	696	2353	3738	4458
1735	3548	9026	7088	2372
7018	4997	3608	921	2573
7096	5457	8464	775	6261
1999	5446	9803	1693	3890
6986	9374	4425	492	1080
6	7359	6730	5264	2439
6044	2632	7572	2312	9549
7327	2071	1995	10000	1706
290	3602	1476	9854	6505
980	6014	9034	2736	5936
3278	6391	937	6678	6295
6529	7491	9560	1714	5293
8076	2562	8201	5453	6845
9866	2176	6700	7596	1803
3772	9395	6041	5485	4170
1534	1837	2921	6834	7734
4366	2656	1072	8001	1957
4386	3737	9220	8724	122
6412	6685	3595	8554	3231
1537	1587	501	5754	915
98	1464	7841	4526	9781
3667	6416	7132	4428	598
1029	1186	8804	9021	9696
9925	4953	4098	1430	4602
9835	242	8879	1729	81
629	3736	9012	8950	8294
6749	9642	141	5529	8728
5410	2157	6875	4665	6520
6698	5525	7234	7994	6225
8518	4010	5710	5744	8475
8741	8067	8626	352	7780
5034	6943	8189	7866	2887
1138	7978	1629	3756	2062
7656	6515	3229	8446	8923
3625	7650	5566	5288	6260
2290	155	4212	5809	7480
6323	6343	5765	243	1202
9920	8709	541	4851	6812
3970	8014	2000	8400	6288
3880	4894	8640	4321	8925
5883	6934	326	4440	4124
3599	9790	3307	4819	2137
4024	1567	2577	1651	5094
9869	4008	351	9880	6937
7593	5995	8976	1491	2266
6935	8488	9083	2668	1799
538	7693	180	9983	3247
7973	1545	698	5208	7813
8062	8377	5515	8072	8815
8205	8905	2464	5196	3492
1858	4576	5559	4365	2977
6469	3021	224	5086	2844
3605	534	3929	5205	6748
9134	6689	9919	1548	8231
3653	9371	6409	8046	5415
7126	7489	6003	5868	3156
1818	6867	3491	4443	7946
8634	5403	9788	6485	1883
4501	3325	5911	560	6334
5364	7592	3081	9239	9648
6727	3855	4113	8169	8026
755	7582	154	2050	5012
8860	6510	2476	3689	7796
2742	9472	1753	9548	2457
3227	9137	7101	597	778
1670	505	1338	2488	2307
3669	1626	3356	6063	439
5225	8093	2530	1641	444
4858	1697	2563	5692	8822
6662	9299	4668	1812	5047
9025	4172	4677	187	4457
430	5327	5882	5298	4085
5730	3739	5643	6418	7922
7752	9776	9065	3639	7531
9394	5006	4603	8489	6231
8991	2023	3126	1520	4742
3876	1594	7801	7336	3271
4242	9167	1506	4781	2737
6905	8800	8914	9687	2361
5178	9742	7103	7802	9606
7662	2080	4502	7852	6611
5686	7548	5888	7704	9887
7523	8685	9973	4196	1968
229	9212	7623	5114	7709
9427	3039	4133	7493	7342
9621	7428	4956	1327	652
5432	3322	1847	685	8318
6631	2316	9072	9822	3416
8853	2227	2481	5735	4453
1171	2861	9896	5971	8651
3083	9530	8817	9128	4276
1483	9430	2795	2762	6358
112	8232	8708	3174	6554
7135	6824	2959	3904	2854
4562	4561	4349	8209	1402
6390	7379	4915	6497	1668
1779	302	2126	5200	8236
4643	2698	5739	4629	1551
7323	7513	5146	2840	5558
410	3927	1636	4115	8960
3985	6580	8272	6471	3713
6170	846	6815	8261	3577
2009	753	4051	6401	5043
7629	3003	5900	3543	1985
5917	7855	2151	2099	7490
9656	6218	7612	6507	1199
2602	3094	8833	8227	7405
30	5395	2707	4654	5435
2136	5328	4785	9727	8175
8825	720	1267	4433	9346
2169	7785	9465	6947	1558
5372	390	3580	8079	7318
1456	1887	2214	9017	3698
8309	4082	8406	1197	2779
6859	7124	8526	4456	8474
7581	5508	9792	2877	8214
954	152	359	644	3171
9428	7036	2232	4889	2487
3326	9080	3262	3069	385
1516	299	3971	2367	7895
4119	4505	4684	8011	3333
9694	767	7435	6833	896
5014	3844	6822	3671	169
9855	955	9938	3140	2299
3301	2220	6852	5969	5671
1126	1954	2257	656	6291
8033	6082	8560	734	3802
6725	2438	4908	3833	9704
5258	346	8763	5985	666
5187	1660	3483	3585	6772
9511	7845	5524	4567	9057
3324	4521	4545	4142	2893
2569	8715	2121	4840	7482
3281	3141	1098	8716	5382
1254	1470	8183	3542	3527
2559	5398	2765	2336	1179
4257	7497	2249	7504	6653
8037	4363	5348	1426	4875
3808	814	6381	3477	8403
3102	3921	1789	2263	8290
2681	9240	1687	7108	1571
4824	5902	6594	8799	1091
7427	2085	6136	9398	2548
673	8620	7711	6675	5949
4093	2482	5650	876	3122
6765	956	4026	6564	339
1181	8906	5123	3901	9667
7604	6667	6035	1328	3825
2276	7876	8126	2752	5944
3821	5120	7903	1658	2044
2930	5448	1833	1139	6622
9489	1980	864	6646	1407
1604	8499	853	7622	6872
1559	3822	3316	8509	2282
121	4297	6533	8477	963
2777	7426	4474	9084	84
7798	3664	3610	8645	9897
3936	1806	8259	4932	655
3343	6790	8036	4407	2925
1462	5660	3389	1484	2732
2004	5240	8423	5378	7823
446	9958	1991	8456	5127
118	1299	4387	4127	167
7177	7307	3748	4627	4513
2006	7175	275	4003	3177
5093	3712	1111	6097	6516
4853	8605	8980	7968	3424
3371	7400	2155	3224	5693
6025	3533	6487	1480	7337
5663	8047	9276	1027	8424
9600	3530	101	6110	4916
4224	9432	7432	8901	45
7488	4741	1794	1615	6816
7037	6200	5366	4360	1478
207	1113	2539	6846	6652
3427	75	2709	6842	1663
8100	2725	1769	1022	1096
2226	3228	4143	6656	403
9782	5561	4486	9285	399
3242	337	2454	4053	2533
8679	8070	4050	1662	5502